image: submap_0.pgm
resolution: 0.050000
origin: [-12.253786, -13.188256, 0.000000]
negate: 0
occupied_thresh: 0.65
free_thresh: 0.196

